   8.0940000e-01   7.6458499e-01   6.0535089e-01   8.5998731e-01   9.3088907e-01   7.7339836e-01
   1.8200000e-01   6.6198116e-01   6.0617153e-01   5.6088818e-01   5.1938338e-01   3.9554014e-01
   8.9470000e-01   9.4722029e-01   8.8654030e-01   9.3612048e-01   1.3042312e+00   1.1052635e+00
   8.7040000e-01   1.0717062e+00   1.3408019e+00   5.8015774e-01   1.0128850e+00   8.7903861e-01
   1.5360000e+00   3.3311712e+00   1.6036989e+00   9.6587719e-01   1.4460737e+00   1.3738421e+00
   6.6190000e-01   3.0443075e-01   1.0740792e+00   4.0677347e-01   8.3094075e-01   5.9551878e-01
   1.1687000e+00   1.6138314e+00   1.1226027e+00   9.0841306e-01   1.4424396e+00   9.2470248e-01
   9.8090000e-01   5.7666537e-01   8.7986318e-01   7.7254330e-01   9.0174568e-01   1.8658786e+00
   1.1055000e+00   1.3378805e+00   9.2007952e-01   1.7309389e+00   1.0838710e+00   1.7400083e+00
   8.9750000e-01   9.0719552e-01   1.3000550e+00   1.0041741e+00   1.3269046e+00   7.9269766e-01
   1.0291000e+00   2.6136541e+00   1.0687665e+00   6.7707001e-01   1.3183660e+00   1.2062146e+00
   1.2450000e+00   1.0587169e+00   8.4021374e-01   9.1476589e-01   2.1222220e+00   1.7676963e+00
   1.4412000e+00   8.3025320e-01   9.0006290e-01   1.1313720e+00   9.3937214e-01   1.3648743e+00
   1.4257000e+00   2.9946075e+00   1.3051287e+00   1.0455180e+00   1.8089389e+00   1.6639767e+00
   1.7508000e+00   1.7185355e+00   1.3078305e+00   7.0120608e-01   1.1802214e+00   1.1914125e+00
   8.1650000e-01   7.6373598e-01   6.1087197e-01   8.4448914e-01   9.7460043e-01   8.0466897e-01
   9.4670000e-01   1.1369310e+00   1.4301079e+00   9.7061904e-01   9.6085336e-01   5.6070376e-01
   1.4899000e+00   6.3932642e+00   3.8512071e-01   1.5984930e+00   5.9751493e-01   6.2690174e-01
   1.0771000e+00   1.6316857e+00   1.9533572e+00   8.8384061e-01   8.6677949e-01   7.5444111e-01
   1.0601000e+00   1.3091566e+00   8.2374370e-01   8.9733938e-01   9.3975539e-01   9.0561546e-01
   1.0729000e+00   1.1595183e+00   1.2735171e+00   1.5980763e+00   1.3762905e+00   2.0630269e+00
   1.0707000e+00   1.1947076e+00   9.0189151e-01   1.0107802e+00   1.0400363e+00   1.3477127e+00
   1.3902000e+00   2.0930600e+00   1.0551267e+00   1.0414833e+00   1.6804309e+00   1.2763022e+00
   8.9870000e-01   9.7116118e-01   6.3909987e-01   9.6654121e-01   1.0411620e+00   8.2706371e-01
   1.0524000e+00   2.1835183e+00   1.0814357e+00   2.3539223e+00   8.9218301e-01   8.3804819e-01
   1.3402000e+00   1.5358175e+00   1.2137703e+00   3.0587130e-01   8.9077233e-01   1.0945780e+00
   1.0668000e+00   4.0882407e+00   3.6332346e-01   1.2614207e+00   8.4792282e-01   8.8244358e-01
   7.7540000e-01   1.1617417e+00   6.1075462e-01   7.9207611e-01   1.3306477e+00   1.0878946e+00
   1.4098000e+00   8.3619857e-01   8.3091743e-01   1.5926033e+00   7.0209286e-01   9.6278166e-01
   9.0940000e-01   8.3731932e-01   6.6671100e-01   9.5882758e-01   9.4523698e-01   7.9470607e-01
   1.0123000e+00   4.2276485e+00   1.6018239e+00   9.9752007e-01   1.3445608e+00   1.3332910e+00
   1.1708000e+00   1.4956947e+00   1.2130429e+00   9.0014149e-01   1.8731110e+00   1.7802690e+00
   1.1825000e+00   2.1862617e+00   8.5195870e-01   9.2710653e-01   1.3322469e+00   1.4301056e+00
   1.1303000e+00   1.7010090e+00   1.3244989e+00   8.2470887e-01   1.2966469e+00   1.2433421e+00
   4.8610000e-01   1.5163550e+00   1.2517497e+00   8.0812388e-01   1.4627100e+00   9.4128719e-01
   1.2259000e+00   1.7060754e+00   1.2401998e+00   8.3185721e-01   2.2280448e+00   1.3110965e+00
   7.8290000e-01   8.0268799e-01   9.7894092e-01   1.4871075e+00   1.2598718e+00   1.1203881e+00
   6.6840000e-01   1.9553236e+00   1.4420083e+00   9.3877676e-01   1.4798327e+00   1.4239919e+00
   1.3901000e+00   1.7807312e+00   1.4487986e+00   9.5198837e-01   1.2636512e+00   1.0565039e+00
   1.2659000e+00   2.3552571e+00   1.0167993e+00   1.0475562e+00   1.2132957e+00   1.3825782e+00
   1.3546000e+00   9.3869537e-01   1.1751963e+00   9.2576930e-01   7.3364722e-01   5.3567563e-01
   1.1996000e+00   1.3996624e+00   8.5520547e-01   7.7780037e-01   1.3235668e+00   1.0933616e+00
   9.8020000e-01   7.8063932e-01   9.1114711e-01   9.9483460e-01   9.7057488e-01   8.4970490e-01
   7.7410000e-01   1.0733595e+00   1.2348498e+00   8.7538389e-01   8.9157209e-01   5.7855684e-01
   8.2250000e-01   1.1902332e+00   9.1164667e-01   1.3982452e+00   8.4844011e-01   9.6870635e-01
   2.6572000e+00   2.1638613e+00   1.1545714e+00   7.8545618e-01   1.2905641e+00   1.4556108e+00
   1.2316000e+00   1.0367108e+00   1.1114508e+00   7.8127830e-01   1.0938146e+00   9.0800299e-01
   1.3315000e+00   1.5245902e+00   1.2696359e+00   4.7247137e-01   1.1762587e+00   6.8117837e-01
   1.3336000e+00   9.6323147e-01   6.7703434e-01   8.8263890e-01   8.3660058e-01   1.0296040e+00
   1.5246000e+00   3.5551573e+00   1.8902649e+00   8.2341795e-01   1.2712918e+00   1.1575096e+00
   8.4430000e-01   1.1587845e+00   9.9875927e-01   1.8726527e+00   1.0423158e+00   1.0490038e+00
   1.0997000e+00   1.4235055e+00   1.0392058e+00   1.0958565e+00   8.3382894e-01   9.1401333e-01
   8.8180000e-01   1.8931949e+00   9.0610207e-01   1.1861661e+00   1.1123651e+00   1.5817228e+00
   1.0895000e+00   1.0803017e+00   8.9412203e-01   8.7253620e-01   9.3502377e-01   8.3491716e-01
   7.6580000e-01   8.4472787e-01   6.0092360e-01   8.9216052e-01   1.3486877e+00   1.0965514e+00
   1.3151000e+00   2.2141519e+00   1.7812911e+00   6.6594129e-01   1.3791359e+00   2.2290370e+00
   1.0590000e+00   2.5211685e+00   1.0734394e+00   1.0963380e+00   1.1672125e+00   1.2140417e+00
   1.2741000e+00   1.2926083e+00   8.4794113e-01   8.3942889e-01   7.6440940e-01   6.4667738e-01
   1.2533000e+00   1.1558681e+00   1.0044115e+00   1.0059169e+00   1.2559314e+00   8.5206907e-01
   7.7720000e-01   7.1791355e-01   6.4013461e-01   1.0055424e+00   9.1062712e-01   7.1792902e-01
   1.2175000e+00   2.1861943e+00   1.4269217e+00   1.1689489e+00   1.3088115e+00   1.4853607e+00
   1.1715000e+00   2.0187894e+00   1.5727167e+00   7.4148773e-01   1.0969199e+00   1.2387673e+00
   1.1180000e+00   2.0040640e+00   1.3334088e+00   1.0717122e+00   1.3231509e+00   1.1983984e+00
   1.1173000e+00   1.0462906e+00   1.2262439e+00   1.0963229e+00   1.2102691e+00   7.0687619e-01
   9.4490000e-01   1.1425059e+00   1.3105074e+00   8.6580120e-01   1.0365996e+00   1.2984711e+00
   1.0147000e+00   1.5224442e+00   3.8183790e+00   7.6049231e-01   1.1218866e+00   1.9463397e+00
   8.6480000e-01   1.0447185e+00   1.3632625e+00   8.6699970e-01   1.5783537e+00   1.3136749e+00
   1.0271000e+00   8.1494312e-01   8.5855991e-01   7.0912079e-01   8.0586842e-01   8.8873734e-01
   8.0520000e-01   1.7724808e+00   1.0958131e+00   6.3409678e-01   8.4640227e-01   9.1804433e-01
   9.6760000e-01   1.5845305e+00   9.8000596e-01   1.3802294e+00   1.1180334e+00   1.0744747e+00
   1.1014000e+00   1.3460165e+00   1.1614890e+00   1.1551842e+00   1.4018752e+00   1.2893451e+00
   1.5239000e+00   2.3912043e+00   1.5733207e+00   1.0214581e+00   1.0456069e+00   6.6484050e-01
   1.0114000e+00   1.0837932e+00   8.4546659e-01   4.1230168e-01   7.4612392e-01   8.9518298e-01
   1.2257000e+00   2.4243999e+00   1.5691991e+00   1.1696823e+00   1.3959411e+00   1.6723607e+00
   5.6881000e+00   4.5447327e+00   1.1847446e+00   1.0915763e+00   1.7575731e+00   1.8067505e+00
   1.6294000e+00   1.1747553e+00   1.4793065e+00   8.5689585e-01   1.4519518e+00   1.0848676e+00
   1.0299000e+00   1.6738571e+00   1.4483035e+00   1.1800819e+00   1.4164414e+00   1.2785850e+00
   1.4772000e+00   1.3807059e+00   1.9266740e+00   1.0092297e+00   1.6423645e+00   1.9524860e+00
   1.7131000e+00   8.8135178e-01   1.7199372e+00   9.5556966e-01   9.8690791e-01   1.6855276e+00
   1.0763000e+00   2.7102834e+00   9.0585578e-01   1.4892245e+00   2.1762251e+00   1.4301652e+00
   1.1978000e+00   1.2500504e+00   1.2315624e+00   8.5663217e-01   1.2603685e+00   1.7049363e+00
   9.5050000e-01   1.1302674e+00   1.4174260e+00   8.9604122e-01   9.6040184e-01   5.6725042e-01
   1.2674000e+00   1.5394353e+00   1.2494826e+00   7.7965588e-01   1.3893162e+00   9.5942030e-01
   9.9500000e-01   1.1893395e+00   1.6832233e+00   7.3844634e-01   1.3283808e+00   9.9811780e-01
   9.6540000e-01   2.0074634e+00   9.8287150e-01   1.8699177e+00   1.6302970e+00   1.7058781e+00
   1.0330000e+00   7.8218446e-01   4.9233813e-01   8.3798701e-01   7.6308001e-01   6.0011792e-01
   2.9587000e+00   3.6707295e+00   1.2689128e+00   1.0565763e+00   1.2268214e+00   1.6771505e+00
   9.4160000e-01   7.4960298e-01   5.9282718e-01   6.6499948e-01   1.0490392e+00   9.2666087e-01
   9.4830000e-01   1.1182673e+00   9.5717968e-01   7.7469318e-01   1.0983819e+00   1.0055147e+00
   1.1210000e+00   1.0944872e+00   1.0486844e+00   9.7263153e-01   9.7312124e-01   9.6936606e-01
   9.4780000e-01   2.3239017e+00   1.2488194e+00   1.0444914e+00   1.3122962e+00   1.4490629e+00
   1.0206000e+00   8.6520263e-01   1.3529378e+00   1.2493330e+00   1.1289195e+00   9.1675312e-01
   1.2191000e+00   1.9114197e+00   1.1943097e+00   7.8312522e-01   1.3296986e+00   9.7579072e-01
   2.4000000e-01   8.8140284e-01   7.8104738e-01   1.0074567e+00   5.9973819e-01   7.2074974e-01
   1.1947000e+00   6.6371928e-01   1.0469042e+00   1.7667011e+00   9.7596710e-01   6.7456506e-01
   9.6630000e-01   3.0932796e+00   6.0568605e+00   9.0060852e-01   1.1698409e+00   2.5862369e+00
   7.4390000e-01   1.0144176e+00   1.1333942e+00   9.3235444e-01   9.1074581e-01   1.1224349e+00
   9.7120000e-01   8.9174860e-01   9.7171033e-01   9.5855039e-01   9.6838872e-01   7.7138788e-01
   1.8445000e+00   3.2179628e+00   1.0993987e+00   2.7307704e-01   1.3660912e+00   1.2879837e+00
   1.0749000e+00   1.6059226e+00   8.2306954e-01   1.0357907e+00   9.2007224e-01   7.4542805e-01
   8.9340000e-01   1.0385929e+00   1.0100868e+00   7.4891674e-01   1.1496433e+00   1.0882098e+00
   7.3150000e-01   1.0785251e+00   8.7432960e-01   7.6434850e-01   8.7368906e-01   7.9438025e-01
   1.3689000e+00   1.9910621e+00   8.8542781e-01   1.2228356e+00   1.0542022e+00   2.3582359e+00
   1.1051000e+00   5.0874125e+00   1.1076521e+00   9.1193114e-01   1.5077938e+00   1.1474092e+00
   2.4682000e+00   3.3579155e+00   1.1656947e+00   5.5482124e-01   1.9710459e+00   2.1220257e+00
   9.5660000e-01   1.1084146e+00   1.3889073e+00   9.7428823e-01   9.6033203e-01   5.5837286e-01
   1.0164000e+00   1.4342803e+00   8.0676233e-01   1.0237604e+00   1.1522583e+00   1.9854627e+00
   1.2799000e+00   3.1602444e+00   1.2550258e+00   1.0484938e+00   1.5048952e+00   1.4077002e+00
   9.5460000e-01   7.6873090e-01   1.1852611e+00   1.1012274e+00   1.0771044e+00   1.5487354e+00
   1.0060000e+00   9.0150887e-01   8.3456576e-01   9.1169284e-01   1.0428541e+00   9.2448161e-01
   1.4660000e+00   1.4553800e+00   1.6090083e+00   1.9657961e+00   2.0638702e+00   1.7173699e+00
   1.1381000e+00   8.9700491e-01   1.2483052e+00   1.0176559e+00   1.2362383e+00   1.1430074e+00
   1.0192000e+00   1.3455728e+00   1.0688623e+00   4.3765356e-01   1.3528295e+00   1.5197860e+00
   6.2990000e-01   2.4033001e+00   1.0990807e+00   8.0782928e-01   1.2582318e+00   1.2913348e+00
   9.7420000e-01   1.4240088e+00   1.2430079e+00   1.0124295e+00   1.3586531e+00   1.0205015e+00
   1.1006000e+00   1.6267619e+00   1.1133732e+00   1.0577948e+00   9.6408501e-01   1.1235306e+00
   8.7910000e-01   9.5906287e-01   1.2786817e+00   8.2803324e-01   1.1477028e+00   8.3338517e-01
   1.0747000e+00   2.2749942e+00   1.2645805e+00   1.0079074e+00   1.4039386e+00   9.9649428e-01
   1.0445000e+00   1.0849655e+00   9.5182211e-01   8.4857801e-01   1.2294137e+00   1.1536751e+00
   1.1524000e+00   1.4212677e+00   1.3419032e+00   9.4233879e-01   1.2254443e+00   9.4139325e-01
   1.0633000e+00   9.2445513e-01   9.7468314e-01   7.6194719e-01   9.1056303e-01   9.2265176e-01
   1.1066000e+00   1.2979081e+00   1.1294481e+00   7.9707127e-01   1.7403180e+00   1.6481837e+00
   1.1752000e+00   1.2350180e+00   1.0639864e+00   8.6566663e-01   1.3056554e+00   1.8669172e+00
   9.2560000e-01   8.6294924e-01   1.2445511e+00   8.3677430e-01   7.1535992e-01   8.5184455e-01
   5.7690000e-01   9.5820573e-01   1.2834329e+00   9.8867444e-01   1.1048335e+00   1.4344621e+00
   6.4020000e-01   2.4825413e+00   1.1006871e+00   9.7120086e-01   1.2741227e+00   1.3286781e+00
   1.0334000e+00   7.6537187e-01   1.2470966e+00   7.4930049e-01   8.8308257e-01   1.0318602e+00
   1.9155000e+00   3.1203482e+00   1.6056230e+00   1.0160332e+00   1.8148241e+00   1.9545443e+00
   1.2339000e+00   1.2307125e+00   1.2184936e+00   9.0045871e-01   1.2266368e+00   1.5755588e+00
   1.0605000e+00   1.0511502e+00   1.1503518e+00   7.3691500e-01   1.4237548e+00   1.8892507e+00
   8.0200000e-01   6.1684809e-01   9.1495653e-01   5.2259259e-01   9.0715580e-01   9.8767571e-01
   9.3330000e-01   9.8656081e-01   1.1138821e+00   8.2712580e-01   9.2532732e-01   9.2200869e-01
   7.2830000e-01   8.7984582e-01   1.6237550e+00   9.9884521e-01   4.2561945e+00   1.2933085e+00
   1.0410000e+00   1.0229470e+00   9.1003627e-01   1.1249878e+00   1.1411430e+00   8.0603736e-01
   8.2840000e-01   2.3995783e+00   1.5898592e+00   2.5379162e+00   1.2685482e+00   1.2411882e+00
   1.2907000e+00   2.5340958e+00   2.2023490e+00   9.9102429e-01   1.4526615e+00   2.3272460e+00
   1.2025000e+00   1.6670354e+00   1.1606887e+00   1.2126382e+00   1.1776983e+00   1.1225255e+00
   1.0297000e+00   7.2206212e-01   7.2714537e-01   7.5797661e-01   7.5249923e-01   1.0650264e+00
   1.2542000e+00   1.2290350e+00   1.7092671e+00   1.0619754e+00   1.4276571e+00   1.7620952e+00
   1.2292000e+00   9.7236940e-01   1.0955548e+00   1.2535930e+00   1.1146349e+00   8.3807219e-01
   8.2390000e-01   7.9210057e-01   6.2493463e-01   8.3295359e-01   9.7276761e-01   7.8557534e-01
   1.6107000e+00   2.5161462e+00   1.6859486e+00   7.7140941e-01   1.4830567e+00   2.2188337e+00
   9.4830000e-01   1.1182673e+00   9.5717968e-01   7.7469318e-01   1.0983819e+00   1.0055147e+00
   1.2380000e+00   2.4622196e+00   9.7101528e-01   9.8065269e-01   1.1592605e+00   9.9304716e-01
   1.1157000e+00   5.1935781e+00   2.7761206e+00   7.0888384e-01   1.5538242e+00   1.6620244e+00
   1.7743000e+00   3.4392495e+00   1.7008024e+00   1.0140961e+00   1.6905690e+00   2.2444143e+00
   1.1123000e+00   1.4675454e+00   1.0405542e+00   8.3077814e-01   1.3527453e+00   1.1003417e+00
   1.4016000e+00   8.8780045e-01   9.1704787e-01   1.8723385e+00   7.2512458e-01   8.9226651e-01
   9.4050000e-01   1.1294365e+00   1.3913492e+00   7.7744044e-01   9.5875494e-01   5.7649593e-01
   1.0853000e+00   2.2704033e+00   2.6364128e+00   1.5437430e+00   1.4164197e+00   1.1676912e+00
   9.4450000e-01   1.1446973e+00   1.3134586e+00   8.6582679e-01   1.0372940e+00   1.2943298e+00
   7.2550000e-01   9.4359639e-01   8.0126867e-01   7.7188032e-01   1.1253083e+00   1.2379713e+00
   1.8319000e+00   2.4488617e+00   1.3233468e+00   9.6921914e-01   1.2270831e+00   7.5004012e-01
   8.2470000e-01   1.7054100e+00   1.2058227e+00   9.8962733e-01   1.1628339e+00   1.2290672e+00
   9.2100000e-01   1.3334175e+00   1.5094268e+00   1.0298269e+00   9.2459181e-01   5.6476483e-01
   1.1760000e+00   1.3051722e+00   1.3531859e+00   8.1011617e-01   1.2874636e+00   1.2247497e+00
   3.2723000e+00   2.3707251e+00   5.4328325e-01   9.8830863e-01   2.0127471e+00   2.6870700e+00
   1.4580000e+00   1.3844873e+00   1.9755486e+00   7.8187859e-01   1.4638917e+00   1.6358138e+00
   9.4250000e-01   1.0839878e+00   8.3465077e-01   1.1066367e+00   1.1360811e+00   7.9007877e-01
   1.0750000e+00   1.7038907e+00   1.0942026e+00   1.1299318e+00   1.0440382e+00   1.0023397e+00
   1.2114000e+00   1.5684452e+00   1.2715652e+00   1.0971459e+00   1.1040363e+00   9.5663688e-01
   6.9740000e-01   6.8592675e-01   1.3758594e+00   1.2409634e+00   9.7383090e-01   1.1322062e+00
   1.1971000e+00   8.1758587e-01   6.3471293e-01   7.2839973e-01   5.8341991e-01   1.1432504e+00
   6.4640000e-01   2.9022204e+00   9.1613065e-01   9.5349697e-01   1.7115414e+00   6.8455044e-01
   1.2343000e+00   1.2316891e+00   1.2194634e+00   9.0044456e-01   1.2292317e+00   1.5778478e+00
   1.1520000e+00   1.4911197e+00   1.3586001e+00   4.3171660e+00   1.1156094e+00   9.7117053e-01
   9.5580000e-01   1.6103715e+00   1.1931173e+00   1.0781249e+00   1.4476556e+00   1.2042566e+00
   8.9890000e-01   1.0621090e+00   1.0358327e+00   8.2878472e-01   1.1737590e+00   1.0903828e+00
   1.1458000e+00   8.8258296e-01   1.1672554e+00   1.2076041e+00   1.0797868e+00   8.3376356e-01
   7.9470000e-01   1.3379235e+00   1.1200069e+00   1.1054600e+00   1.1914141e+00   1.0767755e+00
   1.4693000e+00   1.2859170e+00   1.2421100e+00   1.1364987e+00   1.2723548e+00   9.5669035e-01
   1.4229000e+00   2.5353998e+00   1.5863401e+00   9.0227429e-01   1.5526215e+00   1.4597356e+00
   1.0560000e+00   2.1959388e-01   1.8092728e+00   9.9729729e-01   1.4139408e+00   1.1296670e+00
   8.0470000e-01   1.2374710e+00   8.8059417e-01   8.6520443e-01   9.9999144e-01   7.7395591e-01
   1.2636000e+00   1.4818388e+00   1.2357983e+00   1.0217815e+00   9.0126971e-01   1.0602786e+00
   1.0442000e+00   1.0856501e+00   9.5002813e-01   6.8297980e-01   1.2371373e+00   1.1883633e+00
